512 0.419491 
1024 0.413676 
1536 0.398281 
2048 0.410288 
2560 0.400997 
3072 0.392554 
3584 0.386830 
4096 0.381296 
4608 0.381876 
5120 0.368296 
5632 0.343331 
6144 0.335797 
6656 0.354016 
7168 0.336740 
7680 0.318047 
8192 0.330445 
8704 0.317992 
9216 0.311317 
9728 0.306693 
10240 0.317778 
10752 0.303663 
11264 0.295485 
11776 0.311279 
12288 0.293027 
12800 0.299088 
13312 0.304589 
13824 0.298358 
14336 0.291132 
14848 0.300256 
15360 0.297094 
15872 0.290329 
16384 0.300397 
16896 0.292038 
17408 0.281606 
17920 0.283457 
18432 0.282641 
18944 0.286143 
19456 0.285334 
19968 0.279822 
20480 0.274517 
20992 0.279654 
21504 0.285173 
22016 0.285581 
22528 0.267761 
23040 0.280834 
23552 0.269093 
24064 0.276273 
24576 0.269372 
25088 0.276319 
512 0.268117 
1024 0.247150 
1536 0.268641 
2048 0.251421 
2560 0.255958 
3072 0.244558 
3584 0.258986 
4096 0.254071 
4608 0.254458 
5120 0.245025 
5632 0.252653 
6144 0.241896 
6656 0.262525 
7168 0.240692 
7680 0.273940 
8192 0.247377 
8704 0.241819 
9216 0.254142 
9728 0.250803 
10240 0.245213 
10752 0.240884 
11264 0.243646 
11776 0.250006 
12288 0.265267 
12800 0.243753 
13312 0.250436 
13824 0.233609 
14336 0.263381 
14848 0.235274 
15360 0.246570 
15872 0.269089 
16384 0.241941 
16896 0.258157 
17408 0.235824 
17920 0.268423 
18432 0.261564 
18944 0.260708 
19456 0.240663 
19968 0.259985 
20480 0.245332 
20992 0.240772 
21504 0.237393 
22016 0.243902 
22528 0.253414 
23040 0.239778 
23552 0.232742 
24064 0.242276 
24576 0.242030 
25088 0.239149 
